Time	Type I	Type IA	Type II	Type III
0	0.000	0.000	0.000	0.000
0.1	0.174	0.224	0.101	0.100
0.2	0.348	0.432	0.202	0.200
0.3	0.522	0.628	0.305	0.300
0.4	0.697	0.816	0.408	0.400
0.5	0.871	1.000	0.513	0.500
0.6	1.046	1.184	0.618	0.600
0.7	1.220	1.372	0.725	0.700
0.8	1.395	1.568	0.832	0.800
0.9	1.570	1.776	0.941	0.900
1	1.745	2.000	1.050	1.000
1.1	1.920	2.276	1.161	1.100
1.2	2.095	2.568	1.272	1.200
1.3	2.270	2.872	1.385	1.300
1.4	2.446	3.184	1.498	1.400
1.5	2.621	3.500	1.613	1.500
1.6	2.797	3.797	1.728	1.600
1.7	2.972	4.095	1.845	1.700
1.8	3.148	4.394	1.962	1.800
1.9	3.324	4.695	2.081	1.900
2	3.500	5.000	2.200	2.000
2.1	3.677	5.315	2.321	2.101
2.2	3.858	5.633	2.442	2.203
2.3	4.041	5.954	2.565	2.307
2.4	4.227	6.276	2.688	2.412
2.5	4.416	6.600	2.813	2.519
2.6	4.608	6.920	2.938	2.627
2.7	4.803	7.240	3.065	2.737
2.8	5.001	7.560	3.192	2.848
2.9	5.201	7.880	3.321	2.961
3	5.405	8.200	3.450	3.075
3.1	5.611	8.514	3.581	3.191
3.2	5.821	8.829	3.712	3.308
3.3	6.033	9.147	3.845	3.427
3.4	6.248	9.471	3.978	3.547
3.5	6.466	9.800	4.113	3.669
3.6	6.687	10.147	4.248	3.792
3.7	6.911	10.502	4.385	3.917
3.8	7.138	10.862	4.522	4.043
3.9	7.367	11.229	4.661	4.171
4	7.600	11.600	4.800	4.300
4.1	7.835	11.969	4.941	4.431
4.2	8.070	12.342	5.084	4.563
4.3	8.307	12.721	5.229	4.697
4.4	8.545	13.107	5.376	4.832
4.5	8.784	13.500	5.525	4.969
4.6	9.024	13.901	5.676	5.107
4.7	9.265	14.310	5.829	5.247
4.8	9.507	14.729	5.984	5.388
4.9	9.751	15.159	6.141	5.531
5	9.995	15.600	6.300	5.675
5.1	10.241	16.059	6.461	5.821
5.2	10.487	16.530	6.624	5.968
5.3	10.735	17.011	6.789	6.117
5.4	10.984	17.501	6.956	6.267
5.5	11.234	18.000	7.125	6.419
5.6	11.485	18.494	7.296	6.572
5.7	11.737	18.999	7.469	6.727
5.8	11.990	19.517	7.644	6.883
5.9	12.245	20.049	7.821	7.041
6	12.500	20.600	8.000	7.200
6.1	12.761	21.196	8.181	7.363
6.2	13.034	21.808	8.364	7.530
6.3	13.317	22.432	8.549	7.703
6.4	13.610	23.064	8.736	7.880
6.5	13.915	23.700	8.925	8.063
6.6	14.230	24.285	9.116	8.250
6.7	14.557	24.878	9.309	8.443
6.8	14.894	25.490	9.504	8.640
6.9	15.241	26.127	9.701	8.843
7	15.600	26.800	9.900	9.050
7.1	15.966	27.517	10.101	9.263
7.2	16.334	28.287	10.304	9.480
7.3	16.706	29.118	10.509	9.703
7.4	17.082	30.019	10.716	9.930
7.5	17.460	31.000	10.925	10.163
7.6	17.842	33.142	11.136	10.400
7.7	18.226	35.469	11.349	10.643
7.8	18.614	37.876	11.564	10.890
7.9	19.006	40.255	11.781	11.143
8	19.400	42.500	12.000	11.400
8.1	19.817	43.936	12.225	11.666
8.2	20.275	45.168	12.460	11.943
8.3	20.775	46.232	12.705	12.232
8.4	21.317	47.164	12.960	12.532
8.5	21.900	48.000	13.225	12.844
8.6	22.523	48.904	13.500	13.167
8.7	23.185	49.752	13.785	13.502
8.8	23.885	50.548	14.080	13.848
8.9	24.623	51.296	14.385	14.206
9	25.400	52.000	14.700	14.575
9.1	26.233	52.664	15.020	14.956
9.2	27.139	53.292	15.340	15.348
9.3	28.119	53.888	15.660	15.752
9.4	29.173	54.456	15.980	16.167
9.5	30.300	55.000	16.300	16.594
9.6	31.942	55.564	16.628	17.032
9.7	34.542	56.116	16.972	17.482
9.8	38.784	56.656	17.332	17.943
9.9	46.316	57.184	17.708	18.416
10	51.500	57.700	18.100	18.900
10.1	53.220	58.198	18.512	19.402
10.2	54.760	58.685	18.948	19.928
10.3	56.120	59.163	19.408	20.478
10.4	57.300	59.635	19.892	21.052
10.5	58.300	60.100	20.400	21.650
10.6	59.188	60.576	20.940	22.272
10.7	60.032	61.044	21.520	22.918
10.8	60.832	61.504	22.140	23.588
10.9	61.588	61.956	22.800	24.282
11	62.300	62.400	23.500	25.000
11.1	62.982	62.836	24.268	25.776
11.2	63.648	63.264	25.132	26.644
11.3	64.298	63.684	26.092	27.604
11.4	64.932	64.096	27.148	28.656
11.5	65.550	64.500	28.300	29.800
11.6	66.152	64.889	30.684	31.430
11.7	66.738	65.272	35.436	33.940
11.8	67.308	65.651	43.079	37.330
11.9	67.862	66.026	56.786	41.600
12	68.400	66.400	66.300	50.000
12.1	68.925	66.773	68.196	58.400
12.2	69.440	67.148	69.864	62.670
12.3	69.945	67.527	71.304	66.060
12.4	70.440	67.910	72.516	68.570
12.5	70.925	68.300	73.500	70.200
12.6	71.400	68.665	74.344	71.344
12.7	71.865	69.027	75.136	72.396
12.8	72.320	69.386	75.876	73.356
12.9	72.765	69.744	76.564	74.224
13	73.200	70.100	77.200	75.000
13.1	73.625	70.473	77.796	75.718
13.2	74.040	70.838	78.364	76.412
13.3	74.445	71.198	78.904	77.082
13.4	74.840	71.551	79.416	77.728
13.5	75.225	71.900	79.900	78.350
13.6	75.600	72.245	80.360	78.948
13.7	75.965	72.586	80.800	79.522
13.8	76.320	72.926	81.220	80.072
13.9	76.665	73.263	81.620	80.598
14	77.000	73.600	82.000	81.100
14.1	77.329	73.939	82.367	81.584
14.2	77.656	74.277	82.726	82.057
14.3	77.981	74.613	83.079	82.518
14.4	78.304	74.948	83.424	82.968
14.5	78.625	75.281	83.763	83.406
14.6	78.944	75.613	84.094	83.833
14.7	79.261	75.943	84.419	84.248
14.8	79.576	76.271	84.736	84.652
14.9	79.889	76.598	85.047	85.044
15	80.200	76.924	85.350	85.425
15.1	80.509	77.248	85.647	85.794
15.2	80.816	77.571	85.936	86.152
15.3	81.121	77.892	86.219	86.498
15.4	81.424	78.211	86.494	86.833
15.5	81.725	78.529	86.763	87.156
15.6	82.024	78.845	87.024	87.468
15.7	82.321	79.160	87.279	87.768
15.8	82.616	79.474	87.526	88.057
15.9	82.909	79.786	87.767	88.334
16	83.200	80.096	88.000	88.600
16.1	83.489	80.405	88.229	88.858
16.2	83.776	80.712	88.455	89.110
16.3	84.061	81.018	88.679	89.358
16.4	84.344	81.322	88.900	89.600
16.5	84.625	81.625	89.119	89.838
16.6	84.904	81.926	89.335	90.070
16.7	85.181	82.226	89.549	90.298
16.8	85.456	82.524	89.760	90.520
16.9	85.729	82.821	89.969	90.738
17	86.000	83.116	90.175	90.950
17.1	86.269	83.410	90.379	91.158
17.2	86.536	83.702	90.580	91.360
17.3	86.801	83.992	90.779	91.558
17.4	87.064	84.281	90.975	91.750
17.5	87.325	84.569	91.169	91.938
17.6	87.584	84.855	91.360	92.120
17.7	87.841	85.140	91.549	92.298
17.8	88.096	85.423	91.735	92.470
17.9	88.349	85.704	91.919	92.638
18	88.600	85.984	92.100	92.800
18.1	88.849	86.262	92.279	92.959
18.2	89.096	86.539	92.455	93.117
18.3	89.341	86.815	92.629	93.273
18.4	89.584	87.089	92.800	93.428
18.5	89.825	87.361	92.969	93.581
18.6	90.064	87.632	93.135	93.733
18.7	90.301	87.901	93.299	93.883
18.8	90.536	88.169	93.460	94.032
18.9	90.769	88.435	93.619	94.179
19	91.000	88.700	93.775	94.325
19.1	91.229	88.963	93.929	94.469
19.2	91.456	89.225	94.080	94.612
19.3	91.681	89.485	94.229	94.753
19.4	91.904	89.744	94.375	94.893
19.5	92.125	90.001	94.519	95.031
19.6	92.344	90.257	94.660	95.168
19.7	92.561	90.511	94.799	95.303
19.8	92.776	90.763	94.935	95.437
19.9	92.989	91.014	95.069	95.569
20	93.200	91.264	95.200	95.700
20.1	93.409	91.512	95.330	95.829
20.2	93.616	91.759	95.459	95.958
20.3	93.821	92.004	95.588	96.085
20.4	94.024	92.247	95.716	96.211
20.5	94.225	92.489	95.844	96.336
20.6	94.424	92.729	95.971	96.460
20.7	94.621	92.968	96.098	96.582
20.8	94.816	93.206	96.224	96.704
20.9	95.009	93.442	96.350	96.824
21	95.200	93.676	96.475	96.944
21.1	95.389	93.909	96.600	97.062
21.2	95.576	94.140	96.724	97.179
21.3	95.761	94.370	96.848	97.295
21.4	95.944	94.598	96.971	97.410
21.5	96.125	94.825	97.094	97.523
21.6	96.304	95.050	97.216	97.636
21.7	96.481	95.274	97.338	97.747
21.8	96.656	95.496	97.459	97.858
21.9	96.829	95.717	97.580	97.967
22	97.000	95.936	97.700	98.075
22.1	97.169	96.154	97.820	98.182
22.2	97.336	96.370	97.939	98.288
22.3	97.501	96.584	98.058	98.392
22.4	97.664	96.797	98.176	98.496
22.5	97.825	97.009	98.294	98.598
22.6	97.984	97.219	98.411	98.700
22.7	98.141	97.428	98.528	98.800
22.8	98.296	97.635	98.644	98.899
22.9	98.449	97.840	98.760	98.997
23	98.600	98.044	98.875	99.094
23.1	98.749	98.246	98.990	99.189
23.2	98.896	98.447	99.104	99.284
23.3	99.041	98.647	99.218	99.377
23.4	99.184	98.845	99.331	99.470
23.5	99.325	99.041	99.444	99.561
23.6	99.464	99.236	99.556	99.651
23.7	99.601	99.429	99.668	99.740
23.8	99.736	99.621	99.779	99.828
23.9	99.869	99.811	99.890	99.914
24	100.000	100.000	100.000	100.000
